1419429406 32
1419429494 2421
1419429781 2423
1419430016 2423
1419435908 2442
1419436106 2442
1419490468 2490
1419522042 2728
1419584085 2777
1419597619 2898
1419688142 2973
1419688213 2972
1419779053 3521
1419780981 3519
1419832222 3714
1419832250 3713
1419832486 3713
1419832604 3713
1419841254 3710
1419842577 3709
1419844327 3789
1419849502 4667
1419849581 3944
1419866823 4059
1419924761 4268
1419925120 44191
1419925320 44191
1419925632 44025
1419926478 58112
1419926882 58112
1419928633 58188
1419929979 44024
1419932156 44095
1419933135 44110
1419947543 44526
1419956149 44873
1419990301 44971
1419996380 45187
1420001988 45296
1420010515 45233
1420013530 45238
1420085726 45136
1420090654 45229
1420095513 45230
1420098243 45303
1420161083 45364
1420161116 45478
1420176390 46021
1420177595 46023
1420183110 46016
1420189765 46004
1420190332 46004
1420200171 46267
1420200278 46270
1420210726 46270
1420210845 46270
1420210955 46270
1420253974 46390
1420254824 46404
1420254944 46408
1420254998 46408
1420255395 46412
1420255447 46412
1420255612 46413
1420256263 46416
1420257319 46423
1420257757 46424
1420257814 46424
1420258506 46427
1420266172 47269
1420266532 47269
1420270171 47274
1420270257 47274
1420270847 47248
1420271734 47249
1420271771 47339
1420271866 47339
1420271946 47339
1420278367 47340
1420279793 47388
1420350956 47546
1420368989 46564
1420370394 46593
1420376758 46601
1420378280 46630
1420381654 46654
1420431341 46709
1420439376 46732
1420439599 46732
1420462631 46785
1420462714 46786
1420463142 46786
1420533108 47495
1420545651 47564
1420546988 47895
1420547445 47895
1420550326 47919
1420603683 48114
1420604287 48114
1420619810 48277
1420636657 48271
1420636717 48271
1420637910 48271
1420712694 48333
1420716906 48371
1420728330 48328
1420729835 48377
1420800478 48576
1420800512 48576
1420864368 48816
1420869494 48817
1420888798 49081
1420889926 49119
1420890451 49119
1420963082 49143
1420965289 49161
1420979613 49240
1421145911 49389
1421146137 49389
1421417031 49516
1421460800 49519
1421468372 49520
1421470184 49563
1421470603 49363
1421472152 49424
1421472480 49424
1421511182 49567
1421558635 49591
1421559943 49605
1421565213 49605
1421570567 49619
1421570817 49622
1421662133 49667
1422018594 50516
1422021920 50582
1422061799 50588
1422068475 50616
1422080885 50615
1422179095 50709
1422179206 50709
1422179422 50709
1422179465 50709
1422183271 50708
1422367487 50708
1422367637 50708
1422530957 50697
1422533126 50697
1422538944 50746
1422539845 50657
1422608786 49684
1422622910 49797
1422685479 49886
1422688197 49990
1422768473 50146
1422768489 50019
1422793435 50102
1422834471 50283
1422888351 51120
1422888492 51120
1422888565 51122
1422890177 51136
1422890332 51137
1422890962 51148
1422952150 51149
1422955465 51275
1422955787 51278
1422961891 51278
1422963592 51475
1422964827 51480
1422968210 51538
1422968254 51142
1422969907 51140
1423062794 51161
1423063274 51164
1423138003 51207
1423138396 51220
1423145228 51220
1423214251 51268
1423215732 51268
1423226529 51300
1423226544 51300
1423230695 51318
1423274656 51401
1423274692 51401
1423274718 51401
1423285965 51446
1423288674 51378
1423291850 51576
1423292818 51576
1423293133 51585
1423294773 51620
1423294823 51621
1423305761 51711
1423310545 51836
1423310598 51835
1423313526 51969
1423320050 52087
1423320315 52087
1423382152 51908
1423384059 53248
1423384126 52246
1423387759 52295
1423387788 52295
1423388048 52297
1423388236 52302
1423455454 52056
1423462091 51971
1423462714 51981
1423462768 51981
1423462989 51982
1423477428 52077
1423477490 52050
1423477598 52051
1423560992 52175
1423648594 52296
1423648615 52264
1423652486 52268
1423653352 52278
1423734773 52739
1423840453 52552
1423890103 53419
1423891995 53419
1423900304 53281
1423900916 53258
1423900981 53258
1423901208 51236
1423901221 53258
1423903480 53273
1423903917 53274
1423912386 53312
1423912632 53311
1423913235 53316
1423926735 54263
1423982158 54263
1423984982 54276
1423994099 54276
1424071366 54516
1424071380 54516
1424086208 54559
1424086475 54559
1424087348 54559
1424087518 54560
1424089067 53555
1424091535 53557
1424091583 53557
1424330347 53609
1424351630 53739
1424408598 53759
1424442895 53817
1424442927 53876
1424500645 54012
1424509281 55739
1424509429 55740
1424509827 55740
1424510148 55742
1424512422 55738
1424532334 55744
1424533064 55762
1424592452 55764
1424941949 55803
1424947577 55804
1425028516 55805
1425028949 55805
1425031342 55806
1425040022 55807
1425093883 55877
1425098081 55907
1425106562 55924
1425108825 55985
1425112373 56016
1425120967 56298
1425126081 56325
1425126106 56325
1425127181 56325
1425186290 56417
1425187296 56419
1425202728 56466
1425203117 56469
1436101220 56485
1436171698 56602
1436172110 56572
1436701504 56679
1436701583 56687
1436703298 56690
1436760950 56700
1436762732 56708
1436798112 56862
1436798198 56864
1436952772 56864
1436968793 56914
1437036523 56933
1437037449 56937
1437212067 57223
1437212143 57300
1437220137 57351
1437274922 57365
1437275351 57365
1437275378 57365
1437281256 57367
1437281273 57367
1437472159 57352
1437736154 57409
1437736183 57409
1437798973 57414
1437814328 57375
1437818682 57377
